892.852 306.465 13.7394
10.0 306.465 13.7394 -11.66257 2.20448
30.0 306.475 13.7283 -12.24475 3.09231
50.0 306.494 13.7102 -12.72161 4.00886
70.0 306.522 13.685 -13.14956 4.89609
90.0 306.564 13.6484 -13.5169 5.68419
110.0 306.644 13.5816 -13.8505 6.51219
130.0 306.789 13.4722 -13.92511 7.21076
150.0 306.864 13.4217 -13.88531 7.66566
170.0 306.927 13.38 -13.74716 7.96511
190.0 306.99 13.3383 -13.609 8.26456
210.0 307.043 13.2979 -13.48667 8.43785
230.0 307.095 13.2577 -13.36644 8.59427
250.0 307.128 13.2307 -13.30604 8.78742
270.0 307.149 13.212 -13.2851 9.0048
290.0 307.177 13.1838 -13.21707 9.21399
310.0 307.216 13.1372 -13.05036 9.40604
331.688 307.259 13.0893 -12.86556 9.6134
356.753 307.298 13.0574 -12.61726 9.8453
385.195 307.343 13.0215 -12.34997 10.0658
417.013 307.395 12.9827 -12.07867 10.2308
452.208 307.45 12.9446 -11.81789 10.3608
490.779 307.501 12.9141 -11.45326 10.4809
532.727 307.553 12.8795 -10.96358 10.6224
578.052 307.625 12.8261 -10.43385 10.8073
626.753 307.724 12.7608 -10.01769 11.0288
678.831 307.834 12.6877 -9.64149 11.286
734.286 307.942 12.595 -9.14507 11.5455
793.117 308.051 12.5138 -8.69095 11.5916
855.325 308.191 12.4273 -8.1623 11.5341
920.909 308.403 12.2755 -7.47729 11.713
989.87 308.681 12.0777 -6.73322 11.8306
1062.21 309.012 11.8039 -5.76308 11.8541
1137.92 309.328 11.4652 -4.81581 11.7211
1217.01 309.673 11.0502 -3.91337 11.937
1299.48 310.02 10.5741 -3.14275 12.0977
1385.32 310.416 9.98716 -2.43602 11.6244
1474.55 310.854 9.41205 -1.77964 11.1564
1567.14 311.25 8.9559 -1.31327 10.8276
1663.12 311.55 8.53037 -0.65513 10.6243
1762.47 311.97 7.84578 0.04464 10.1943
1865.19 312.338 7.29615 0.74233 9.6287
1971.3 312.853 6.70909 1.47552 9.16393
2080.78 313.116 6.2318 1.8439 8.80348
2193.64 313.309 5.9279 2.3807 8.64209
2309.87 313.701 5.41552 3.0043 8.24616
2429.48 314.066 5.03534 3.442 8.10894
2552.47 314.299 4.9296 4.0962 7.78428
2678.83 314.48 4.72413 4.3399 7.9029
2808.57 314.671 4.57608 5.1836 7.60896
2941.69 314.887 4.41032 5.694 7.45273
3078.18 315.097 4.24994 6.1889 7.07382
3218.05 315.343 4.0399 6.9204 7.06788
3361.3 315.637 3.98217 7.5316 6.84104
3507.92 315.81 3.77932 8.2659 6.8913
3657.92 316.142 3.44303 8.5697 6.8477
3811.3 316.684 3.25461 9.331 6.82098
3968.05 317.238 2.92848 10.1772 6.91581
4128.18 317.801 2.6217 10.8946 6.85793
4291.69 318.391 2.3874 11.2745 7.33
4458.57 318.86 2.31662 11.8151 7.07428
4628.83 319.408 2.0143 13.3501 7.00145
4802.47 319.954 1.94449 13.8977 6.71206
4979.48 320.562 1.87345 14.7146 6.20146
5159.87 321.31 1.63014 15.8383 6.15703
5343.64 321.823 1.60308 16.6866 5.53304
5530.78 322.63 1.46316 17.5214 4.77459
5721.3 323.279 1.31052 18.7761 4.75651
5915.19 324.128 1.11612 19.1138 4.68236
6112.47 324.849 1.00613 19.9494 4.77441
6313.12 325.914 0.944724 20.2352 4.60938
6517.14 326.915 0.77252 20.4309 4.29992
6724.55 327.887 0.602893 21.3009 4.01376
6935.33 328.662 0.509564 21.6314 4.06665
7149.48 329.278 0.418299 21.8493 3.5871
7367.01 329.819 0.374555 22.1335 3.10541
7587.92 330.519 0.359266 22.3358 3.01134
7812.21 331.098 0.324554 23.1571 2.86803
8039.87 331.638 0.302485 23.3882 2.60404
8270.91 332.386 0.267165 23.9356 2.38193
8505.32 333.074 0.251879 24.4774 1.88546
8743.12 333.424 0.23437 25.1071 1.34605
8984.29 333.976 0.157183 25.7335 1.16502
9228.83 334.627 0.130234 25.98 0.27948
9476.75 335.395 0.125693 27.3104 0.27541
9728.05 336.025 0.117153 29.0631 0.46455
9982.73 336.849 0.0999141 28.3932 1.16336
10240.8 337.736 0.0837148 27.74 1.61784
10502.2 338.613 0.0729608 27.6241 2.26468
10767.0 340.986 0.0696476 27.7362 -0.27038
11035.2 342.665 0.0595883 29.3599 2.01929
11306.8 342.765 0.0292409 29.3599 2.01929
11581.7 342.865 0.0246646 29.3599 2.01929
11860.0 342.965 0.0178897 29.3599 2.01929
12140.0 344.465 0.0100004 29.3599 2.01929
12420.0 350.065 0.0100006 29.3599 2.01929
12700.0 355.665 0.01 29.3599 2.01929
12980.0 361.265 0.0100004 29.3599 2.01929
13260.0 366.865 0.0100003 29.3599 2.01929
13540.0 372.465 0.0100002 29.3599 2.01929
13820.0 378.065 0.0100003 29.3599 2.01929
14100.0 383.665 0.01 29.3599 2.01929
14380.0 389.265 0.0100002 29.3599 2.01929
14660.0 394.865 0.0100001 29.3599 2.01929
14940.0 400.465 0.0100001 29.3599 2.01929
15220.0 406.065 0.0100001 29.3599 2.01929
15500.0 411.665 0.01 29.3599 2.01929
15780.0 417.265 0.0100001 29.3599 2.01929
16060.0 422.865 0.01 29.3599 2.01929
16340.0 428.465 0.01 29.3599 2.01929
16620.0 434.065 0.01 29.3599 2.01929
16900.0 439.665 0.01 29.3599 2.01929
17180.0 445.265 0.00999997 29.3599 2.01929
17460.0 450.865 0.00999999 29.3599 2.01929
17740.0 456.465 0.00999998 29.3599 2.01929
18020.0 462.065 0.00999994 29.3599 2.01929
